16979960,1316,448,2907257,525
17244181,2325,169,3243123,446
19413553,657,36,3223058,329
19542654,3541,727,3230837,3043
18169995,1402,419,3069996,584
19543294,443,0,3255409,55
19550195,791,1,3254390,162
19421092,917,0,3251271,168
19649521,509,0,3259718,71
19366768,795,1,3257903,145
19473351,1545,1,3272334,207
19592671,573,4,3255640,120
19473464,755,0,3236058,143
19448529,925,0,3265098,139
19448276,781,6,3250708,732
19584281,1033,19,3258121,179
19413094,762,0,3228093,57
19620653,691,0,3275538,132
19076328,930,73,3151847,157
19144355,1408,34,3237989,407
19580534,360,1,3258334,240
19651616,309,72,3233168,340
19397179,409,0,3232574,56
19583331,254,0,3265389,79
19387761,388,1,3220610,205
19479381,310,0,3245385,129
19575722,258,0,3274297,15
19607850,121,0,3256499,67
19469884,164,0,3256467,68
19597845,641,1,3250841,84
19301717,1297,9,3216590,326
19545634,1261,7,3252373,256
19631379,2151,94,3228825,422
19599974,1689,9,3249049,278
19350509,1234,4,3206738,3839
19680236,718,1,3250429,144
19464514,1175,3,3235004,286
19454046,710,6,3242349,206
19178825,1088,55,3172437,242
18768514,1537,49,3219269,392
19466632,1454,2,3241082,896
19544909,956,4,3243708,303
19403420,1027,3,3223722,188
19645785,1088,3,3241777,330
19518424,693,0,3241460,146
19102079,1890,3,3198160,344
19492343,437,1,3240499,319
19496491,335,0,3237019,146
19538905,171,1,3271863,29
19572729,138,0,3244674,102
19049222,1495,473,3193558,529
19521498,765,3,3253445,67
19580224,799,13,3253881,182
19564317,130,0,3267180,58
19477842,577,81,3237246,193
19389337,942,174,3248316,154
19300686,360,0,3242948,105
19367216,611,0,3237883,175
19499082,100,0,3236412,649
19528549,545,0,3265552,89
19570883,172,0,3250775,720
19683146,139,0,3263323,25
19487509,162,0,3244577,43
19675308,162,0,3267022,52
19493527,95,0,3273236,25
19338936,183,58,3250483,75
19571678,609,3,3254924,258
18912593,483,0,3250407,143
19499090,108,0,3254248,21
19651075,159,0,3269297,52
19656890,118,0,3272685,86
19461133,226,1,3238866,201
19533310,176,0,3266244,42
18916872,6364,2444,3148888,3389
18640923,862,76,3088426,473
19463664,3816,284,3247370,1358
19448198,358,4,3253299,193
19469433,6895,792,3255343,1632
19578607,524,2,3241220,163
19512566,999,6,3263245,257
19503423,580,18,3251521,232
19567941,657,2,3268632,745
19466859,4107,103,3256969,735
19535004,978,1,3269821,223
19651913,673,0,3267191,174
19331208,1368,118,3218888,1608
19412364,1277,0,3263212,218
19494134,899,0,3234520,599
19607580,840,7,3254467,1050
19447782,878,3,3271315,82
19498909,14055,370,3227132,2020
19329156,9072,1579,3208892,7623
17787336,9761,154,3236023,4621
18751190,39640,10925,3271415,539
21224178,8842,3198,3189383,419
36529300,39373,22187,7004522,117300
19592443,35821,15253,3597779,52435
19545201,126,1,3262718,37
19627098,4333,1316,3273980,45
19494828,1818,467,3239884,347
19523507,560,50,3262913,523
19650669,109,0,3251855,105
19563673,6929,750,3314312,4131
19250385,688,351,3240615,1643
19434489,441,9,3241217,1121
19670911,4387,117,3267141,745
19537769,3555,259,3260935,138
19656437,623,3,3253973,168
19476090,1108,14,3240814,100
19387009,6342,62,3250417,885
19529830,3241,203,3244258,2579
19630847,16700,2018,3256405,3478
19351716,9332,1040,3251715,54
19609055,240,1439,3270077,6092
19785238,8784,708,3342526,16950
16391902,7086,67,3233723,1956
19542644,1677,223,3243914,1006
19216699,6258,1786,3242005,459
19493977,6009,162,3259924,136
19545342,4817,1105,3259233,1782
17608908,109978,29682,3215762,62308
19300844,10034,1644,3229012,2621
19459504,1149,496,3237841,245
19512077,6841,227,3247438,1597
19222954,1118,25,3240820,301
19054353,14813,2082,3152807,71571
18545587,30056,3340,3257805,27184
19257875,8095,1971,3271043,327
19602554,597,2,3248601,174
19478454,296,0,3243780,29
19411754,7662,904,3266371,1292
19470247,649,1,3255197,508
19695391,14175,990,3234606,2430
19632717,461,77,3279373,68
19044606,237,306,3244366,1146
19648298,7527,1386,3275572,70
18719217,823,1401,3235575,3991
19595888,207,0,3264174,176
18165536,1212,1371,3068765,1448
19426270,566,8,3243341,109
17985672,58911,10958,3076321,556
19366336,965,119,3237939,447
19416757,4250,519,3244838,1438
19630473,205,50,3259361,47
19383549,2461,272,3249871,630
19350452,72747,18560,3193806,48790
19232952,3504,211,3236664,876
19632462,672,7,3264579,172
19486960,495,1,3270023,279
19514302,9182,675,3237210,1730
19459155,946,5,3228492,1292
19679026,245,0,3277499,53
19480831,345,31,3269957,462
18739608,28757,344,3246510,9031
19303002,28443,438,3240626,22224
17692047,156820,8070,3504083,48565
19550743,546,21,3257818,242
19611679,240,2,3257401,124
19441491,8615,576,3254522,83
18763069,1625,85,3168117,362
19228038,10182,2935,3208892,448
19013078,733,1,3247979,256
19424258,1017,6,3245645,176
19581497,323,2,3243491,153
19246349,487,0,3213778,135
19644743,572,3,3272728,115
19467013,214,1,3254836,116
19538863,1129,2,3266367,326
19517525,9794,371,3243178,4845
19493170,2708,50,3255531,648
19330974,9878,311,3255581,3941
26405152,103217,15547,5733271,148639
282783626,212676,19022,48807906,161338
19477520,480,2,3270359,98
19437673,619,30,3211579,131
19407305,9297,545,3243689,1194
19528921,3768,67,3255305,625
19487842,272,0,3271233,99
19703195,4802,167,3259158,1266
20586890,35216,11942,3491126,122
19481786,105655,14161,4135208,17176
19633091,227,20,3266046,76
19158292,420,704,3258395,3300
19536921,7994,301,3266623,7566
19187735,1455,107,3244036,3620
19461609,3829,549,3249248,1035
19467306,1040,3,3260465,307
19522819,970,2,3245261,309
19492832,13819,292,3264066,4878
19392922,10102,245,3256464,4747
19500163,3183,48,3261094,1186
19389027,1040,33,3243475,440
19533281,1022,151,3235839,322
19649253,184,532,3269850,3226
19413799,11890,306,3226879,3293
19280542,11555,2167,3234558,3151
19542557,382,1,3270055,86
19422449,8488,317,3237992,215
19683592,12118,218,3277187,2952
19493446,10396,495,3270239,17718
19639953,932,4,3249352,249
19444599,8898,285,3247706,111
19628567,233,0,3259659,130
19694623,12119,490,3306444,14476
19212506,1917,469,3256594,3324
19463869,12018,518,3255660,472
19437225,368,0,3271860,3851
19466263,1479,50,3249739,94
19610057,11305,593,3255966,378
19464610,225,0,3248997,195
19669330,884,47,3276636,175
19462848,12689,398,3280200,5973
19551818,519,3,3267076,220
19680439,12467,538,3264750,5828
19153995,11142,487,3244344,292
19604232,13343,323,3268389,4457
19505622,13735,490,3273497,4593
19359722,507,7,3214528,938
19279479,1335,71,3252818,360
19538092,2584,117,3246964,6457
19648019,709,2,3261226,98
19504270,1871,1,3251013,69
19209257,21199,2247,3273026,4622
23972561,90615,20448,5060335,42533
22021137,22686,2238,3374410,5555
19478961,8780,355,3268448,11120
18974794,1153,6,3245301,265
19350360,15747,880,3245519,141
18462093,1814,69,3236732,316
19432361,1615,481,3229742,394
18106909,1403,2,3247935,255
19399722,10332,469,3253280,10038
19475580,943,4,3284887,76
19565877,15972,806,3258591,1328
19331648,4770,83,3235803,1578
20471532,40431,14493,3582845,10029
19511438,551,1,3262415,116
19508963,10247,341,3262829,4207
19553302,972,1,3258987,223
19429481,1108,4,3272113,250
19423019,15187,4,3257947,894
19646668,746,1,3277125,231
19526834,3597,103,3263439,148
19113408,32083,1004,3296098,9705
19685532,12379,397,3313698,1056
19606899,763,0,3247514,282
19543492,17651,536,3268378,11272
19578476,15619,1273,3330947,9583
19565777,137,1,3252298,36
19670324,20371,341,3267049,3689
19610962,217,2,3266356,82
18162011,21558,355,3249336,3526
19327590,22034,982,3251838,8718
19409973,9126,185,3264253,392
19526209,16795,574,3269142,229
19470044,1231,116,3248483,457
19485197,9180,194,3266830,4872
19513283,623,0,3258528,89
19409526,11204,225,3253102,4803
19500738,1094,8,3248690,318
19479652,1125,4,3248684,243
19595565,10814,298,3250876,3324
19534736,482,2,3263386,444
19272784,18661,608,3232983,5572
19475147,747,3,3270290,184
19472791,284,0,3269388,110
19555665,17461,751,3305225,1121
19644798,18084,416,3283798,4229
19494108,9626,342,3272956,144
19662184,4751,314,3258171,843
19596526,19970,858,3315809,18242
18973267,2219,6,3245688,411
19514733,160,0,3244901,262
19534826,5534,888,3291811,6156
19524509,5770,150,3261963,1006
19513045,10896,252,3265861,436
19313400,1037,2,3223697,312
20158665,17647,4122,3382116,3010
19495466,237,10,3257206,194
19283247,14067,729,3260949,6140
19629681,2622,340,3266192,121
19394864,9074,307,3245817,3934
19522521,3799,63,3259420,841
19417883,761,2,3246427,173
19555843,10577,407,3272452,14365
19542897,434,2,3264210,176
19564690,614,4,3251995,1234
19644164,162,59,3257003,525
19486772,175,1,3243700,133
19477452,13147,249,3269087,3091
19753015,13322,687,3268793,149
19698495,4604,17718,4025098,10565
19615273,545,37,3274751,164
19036220,477,3,3246505,213
19393932,2243,58,3219510,1078
18799208,1267,0,3266909,149
19342617,20587,1076,3245976,7765
18770680,1455,282,3252059,5712
19450189,1147,5,3249051,190
19536630,9283,350,3272290,333
19301399,9721,387,3233973,441
19465383,2505,51,3253020,834
19643502,550,1,3278848,147
19484276,12031,674,3281883,354
19471288,6990,148,3250428,2112
19671481,35576,10719,3493419,2794
19687498,674,13,3276699,248
19398994,9557,9,3275810,733
19489280,1117,0,3253138,201
19635370,904,2,3239332,964
19588006,716,309,3262207,3385
19433251,989,1,3272619,148
19100707,16446,799,3254768,8222
19623673,23722,1039,3304064,258
19188872,1776,178,3247206,3572
20288800,58657,6727,3988506,81662
18083169,65442,4718,3912209,78278
19034401,10963,983,3410971,76393
18857288,27552,3032,3611786,46409
19027851,49919,10084,3495879,49669
26923660,18508,1880,4324235,31160
19118300,19329,1244,3224245,6520
19058926,15866,3483,3223531,5595
19390059,700,18,3247275,366
18438968,57504,15643,3361005,31730
19511618,5067,246,3240024,998
19517125,4897,563,3235572,40390
19287098,3895,82,3242144,518
19504029,3673,226,3263001,191
19652066,2992,231,3206410,574
18960079,42827,9984,3240932,129768
18985282,125752,21154,6495136,173482
18585916,13521,1886,3409687,70830
18536741,19622,2039,3374375,41601
18957680,10779,842,3623134,75632
18416390,12707,989,3408909,43743
19283614,39069,7189,3415609,48250
19526541,1552,1397,3254021,9694
19466906,6058,390,3252140,188
19359832,342,1,3223249,1043
19540108,3676,76,3250766,1674
17186711,42788,7236,2943754,413
18925725,12458,3222,3180716,258
19464411,169,1,3251221,131
19530996,1585,522,3251019,338
783523800,615144,78130,146232234,1026347
20184327,12464,1589,3471992,20386
19402162,4155,2,3225249,1024
19678395,370,1,3260972,203
19543163,1708,355,3262991,136
19441073,9087,181,3371092,8221
19564142,144,1,3251436,460
19121087,11426,3676,4027620,43799
19468678,1493,48,3247585,262
19621254,521,834,3216651,1249
19621493,2991,152,3265273,2280
18563362,3031,478,3223228,266
23572112,74468,4281,4723955,75154
18926733,7048,1127,3232826,2423
19578758,297,8,3261161,48
17178579,6982,65,3245327,682
19501343,187,0,3245284,133
19592410,450,0,3265872,194
30429687,12952,230,5803074,366134
20018052,93724,5331,3632342,56049
19499411,3792,125,3258672,198
19265840,205,13,3234817,73
19399253,81670,7168,3508136,43556
25530568,63817,4725,4088975,97750
19628166,597,30,3258596,292
19409797,8443,596,3234888,2145
19505128,2028,215,3245915,457
20805045,91871,4535,4291421,71403
27465270,40762,4688,4723549,48847
19473291,1127,58,3242588,160
19544238,5854,688,3235613,1035
37330900,58340,25813,6578449,235484
32378159,11515,7706,4120940,97843
20020984,76312,10543,3797152,101648
33284435,64930,22213,4121404,119824
31252910,10196,327,5781022,361357
30497922,16835,370,3392570,23201
19406925,61411,7081,3429672,115644
18980824,210421,8734,3225151,81934
20865262,15838,996,3194684,12721
19369058,17102,3258,3184673,38042
18987032,80829,5405,3468202,111642
26457974,18618,5470,3271221,19591
25214711,12901,6548,4178223,212476
21284354,25673,5453,3372240,11170
26183956,57364,30100,3679364,133030
22264105,27390,10220,2453012,2922
26340829,50550,17312,3431371,94568
26297878,33265,9299,3080536,2748
25195395,39677,10885,4844011,88932
24724701,19890,10502,4128946,212812
31927248,22570,13591,4341106,220610
22768666,40710,9309,4365237,149182
18797429,1683,10850,3054585,56732
19472024,394,73,3253564,66
19426242,806,20,3264036,201
19559774,1579,601,3243832,826
19417444,4124,537,3235168,2525
20440000,30521,3947,3776627,87601
19991948,64898,17626,3822301,105656
20322022,81879,20499,3116297,60033
19365227,91875,8942,3307819,73343
13177936,57116,7590,2538618,48720
16143243,28990,3100,2454074,70847
18411499,51777,6021,3241898,96920
19171562,91348,13154,3701578,135657
19195122,74900,6663,3387163,41843
22446760,5091,1598,2294621,83498
36923664,1646,6408,4247329,65190
31474630,36347,5010,3538684,137665
29806059,90701,12938,3833361,79172
23735994,14543,4428,3165834,222
19457559,1018,3828,4989807,82541
25859684,85844,11025,4904661,126107
29903583,76322,5486,3623241,76074
19421885,1884,737,3227677,532
19369194,3437,174,3234099,244
19111042,1890,787,3196532,359
19029387,14927,6205,3211338,10937
19287549,6547,2369,3236116,2912
19594546,13398,3389,3285887,13734
18605643,36207,10898,3056580,17421
19434247,1007,9,3250400,361
19487592,707,3,3255751,299
18743871,1956,1794,3066652,1656
19076326,10974,2,3205451,10009
19664249,376,730,3241108,1327
19452350,4128,326,3243164,283
19641317,18094,2271,3261708,7261
19180284,5629,412,3216275,308
19515972,922,1,3255560,237
19076581,4961,1450,3154201,5382
19340939,782,2931,3242040,3323
36671569,3160,341,3421251,94474
36889557,862,24,3333153,62233
19594760,565,241,3266470,85
19088855,4326,1216,3368622,99904
30047332,1508,550,3238152,302
17649989,1273,534,2925787,14148
28161147,3715,550,2702670,85990
18990222,1797,538,3183596,23873
23957706,3466,1046,2956925,926
36624546,1407,33,3314532,115444
19302289,965,2,3270454,48378
30371187,45381,7361,3616672,89136
19650844,259,6,3249543,169
19522785,465,1,3264867,147
19443027,1050,7,3244486,272
19322674,1022,32,3262853,1656
19508058,124,0,3260303,147
19442821,114,1,3262846,62
19465367,7312,1595,3224797,4546
19587769,320,1,3258483,297
19110905,215,0,3239157,35
19486950,255,1,3250017,49
19568285,121,0,3231915,80
21458844,84947,16117,3705002,7796
19204799,2280,845,3206158,5055
19494757,14433,3019,3274044,19787
19517822,1270,27,3264072,308
19413627,1556,494,3249634,106
19572404,552,1,3261553,179
19471161,124,0,3247559,92
19390789,16021,1344,3269579,393
19455888,1027,15,3219497,320
19566887,3413,233,3261124,1261
19633541,33526,8129,3426388,44839
15620462,50170,3241,2904790,51035
18003427,233287,5682,3170169,92838
19508215,96780,5560,3253123,54940
17930679,151119,1790,3272844,91884
17743015,116759,1091,3343462,42260
18480516,99566,1201,3427286,93782
17557226,228591,15795,3465432,104739
18425233,96094,3636,3222630,346
19311660,217162,9838,3539828,91653
18704510,197522,4527,3560900,93451
18369276,192246,33227,3312934,54974
19362983,33264,847,3278566,158
19163271,40845,1199,3386248,50497
19144236,80952,925,3341231,74895
18428902,281809,2435,3482451,84644
19427865,18081,614,3272100,302
18741448,185384,1955,3406037,87731
18349386,253314,1968,3458910,84103
19475768,19604,822,3340321,12008
19588448,579,6,3265587,306
19312045,178633,4565,3334579,71176
18220951,235861,4725,3668808,84618
18759354,192699,1426,3354483,74108
18920355,61435,531,3286292,6330
19259367,1763,452,3273349,3945
19447536,40075,382,3292042,19895
19484709,736,21,3212860,4992
19392072,23254,334,3278190,6308
19420618,7601,301,3277566,280
19683639,61842,2163,3275149,16817
18950713,259007,2746,3548697,85420
18445146,263561,2514,3534888,82518
19340532,18795,281,3243091,713
18948330,9482,856,3245131,7297
18909487,277002,2125,3543786,87544
17983548,73736,1111,3369595,51691
18859311,255425,2351,3469757,79329
18014633,269262,2103,3486786,80741
22251830,24686,7203,3178953,772
258782282,95098,48968,46216306,621184
19382103,305,20,3237620,206
18863035,2218,667,3146505,586
19469349,1093,225,3269656,357
31075743,56721,17470,2749779,432
19651808,901,347,3278517,680
19640085,615,0,3270480,75
19108372,2241,85,3239073,390
21526727,62908,4648,3251737,46522
19579057,599,11,3259514,117
51790700,737,5,8627560,240
19063631,1330,485,3124932,504
15381222,97075,24066,2219230,62268
11309412,37783,4817,3060475,5689
51140473,1036,7,8523644,257
20152059,17607,1165,3029760,700
19624320,2017,590,3270042,463
19491020,2472,976,3268165,841
32179762,946,5,5350475,486
19335997,85743,8677,2995726,32619
55112160,3019,19,9171540,495
19121731,41479,2947,3218352,8380
51369220,1347,12,8592387,228
19535559,1320,246,3258686,672
19640659,324,3,3258859,75
19378680,1078,60,3247302,136
42892654,4054,0,7136686,208
29633151,50134,7245,3222039,35868
19688785,153,11,3268519,78
19466773,1175,6,3247579,328
19348982,1371,76,3241126,371
54931412,2146,0,9199345,323
29793489,34898,11516,2262243,17387
19512909,572,42,3228073,12042
53733529,3065,20922,1807290,1139
37109285,4555,1218,3213195,188
19482015,707,23411,3352075,13006
19539461,1027,22,3272495,95
19318745,1232,0,3266079,169
19482148,842,54,3236289,342
19548779,900,3,3260904,168
19482275,752,0,3274788,33
19485632,788,104,3242642,301
60017882,2913,229,10031618,397
33605797,28324,20356,2609430,206
19355969,1023,101,3235486,86
19528998,1134,526,3249126,272
53553023,394,11,8925153,188
24716618,1754,417,3246532,50
47619868,28756,21223,2045435,2521
36337777,1849,500,2303799,152
19248629,370,16,3226173,44
46041390,28930,21900,2362926,1386
40345226,7136,4547,1917970,305
19242570,391,218,3045673,147
41804669,35477,21604,2688950,2138
20756600,1117,145,3104381,2442
39064231,40804,23337,1799499,992
29392759,2750,510,3248053,143
19372366,748,605,2735133,364
53196427,2819,829,1711494,95
53091599,2699,329,2895476,100
28345730,1921,821,2617281,247
52585042,54009,23946,1929705,1141
25402334,7089,5226,3025180,177
17999477,316,416,2186922,1510
53402454,3668,1198,1738323,377
34110802,2942,999,2379523,490
20173326,5567,3819,3248735,36
19482914,251,1,3254777,166
19592906,150,0,3271657,65
19517753,245,1,3261622,33
19549480,205,0,3265864,73
19526184,130,2,3251312,54
19452880,197,32,3251096,101
19503042,109,0,3270514,228
19515794,153,0,3268545,45
19557325,658,0,3249827,704
19409864,184,0,3264497,28
19477541,783,1,3244469,34
19700992,126,6,3271406,52
19654076,193,0,3275768,47
19401364,239,0,3251363,54
19536464,86,0,3244201,78
19655819,189,0,3266356,56
18151538,2145,341,3002106,196
18131622,599,14,3021999,372
72422708,2037,12,12058445,325
19101562,361,86,3120882,1120
19243644,902,4,3228719,122
19493597,487,3,3272083,31
19698231,1483,237,3252222,152
19520561,262,0,3245345,28
18789572,1250,0,3220258,826
27710782,2524,905,3263491,207
16983963,649,10,2940912,212
46815038,3267,884,1680569,18432
19248153,1080,243,3052428,276
37209076,2721,787,2617284,221
53076976,2839,925,1690871,193
19131233,1429,289,2719452,334
19514620,307,4,3252300,124
19507346,438,2,3247567,174
19526245,490,3,3243796,122
43194628,1229,3,7193798,481
18769689,1273,80,3085175,278
18287114,468,22,3171465,346
19616211,882,318,3266082,20
18831039,397,0,3236571,87
19439324,576,0,3230800,271
19547452,689,0,3254798,165
19461077,593,5,3258599,99
18656381,140896,99121,3051081,3222
35572866,2530,622,2349681,399
19487772,359,29,3229287,103
46227663,28412,21604,2247409,1909
33538327,27457,21003,2203698,1642
19279846,703,178,3161647,262
44496161,30071,19735,2581829,1722
39580873,34347,21170,1840778,1614
21160666,22760,570,3166691,1466
18989899,576,256,2836076,156
44994207,28290,23615,1705301,303
53286431,2965,18515,1848054,1232
19650660,5064,36,3224475,1166
19155908,690,3,3237397,271
18872679,984,121,3094401,223
18062628,833,54,3134411,473
19510058,319,0,3248629,78
19517142,632,1,3249430,157
19485948,1210,498,3244201,195
19482889,1371,250,3243121,411
19560751,555,1,3269613,21
19498900,298,0,3232567,142
142024698,4428,45,23653436,1014
19614461,86,0,3253019,68
19294025,524,55,3244637,116
19496416,376,0,3249641,77
19282239,786,2,3244296,989
19388223,250,0,3242753,119
19311787,918,2,3190402,348
19524316,676,0,3263778,128
19545566,614,1,3246875,529
19677442,481,55,3264474,142
50939602,11714,7206,1746517,3692
32666765,36053,16590,2373189,1338
19491105,379,24,3263541,74
19087652,2437,571,1864511,214
42029960,2555,706,2405439,353
18485285,1160,34,3075173,420
25964215,2267,481,3100324,576
48343659,34797,25335,1941745,2342
29158694,28084,21750,2474449,2145
21302270,2278,725,3470571,170
53065901,2178,619,2114197,238
32282519,28315,21183,2217270,1705
19268395,1333,644,3173727,303
43104983,31113,21324,2529532,1269
37965511,35168,21470,1855164,1311
35463310,22443,670,3205949,1293
19503021,589,230,2889036,158
48988983,2893,824,1685934,182
53025165,2201,284,2749717,124
24512977,1126,225,2821974,504
53533357,40351,19358,1820641,952
23269209,7618,1131,3143577,373
19644029,1965,188,3241936,562
19566690,565,81,3272054,317
19069885,348,4,3231728,137
19506174,454,0,3243498,239
19591126,957,2,3240582,200
19102704,1476,71,3178074,460
19472901,951,59,3239738,390
19387669,490,4,3230304,187
132031415,5639,172,22059788,784
19393273,709,0,3246341,167
19481936,686,0,3244183,64
19472561,1574,15,3254528,319
19502854,426,1,3256864,106
19618893,148,0,3253081,30
19404250,396,1,3226305,145
19515594,329,0,3247597,90
19500177,361,3,3254890,105
20291700,25351,12734,2863042,1690
19458735,883,20,3203103,2564
19440280,408,1,3242633,72
19409464,1017,93,3205013,1075
54307461,2365,190,9070546,640
53451509,4159,1218,2560006,517
23731780,33016,843,3233397,1405
19222882,1481,91,3232450,524
163735425,1504,2,27291421,623
36263263,3977,1446,2623923,545
35501237,35970,18251,2762031,20674
19538577,227,0,3263291,44
19571637,1169,522,3262764,240
51788257,887,1,8621344,329
23837960,21253,5599,3202041,304
19588218,110,1,3268796,63
58350092,1540,6,9713228,349
19492535,306,20,3263142,42
52254257,8248,4014,2379284,637
41369663,36680,26363,1730642,14282
19334645,203,10341,3371904,8711
19521056,362,21,3260947,287
19241928,224,2,3249806,86
19509944,293,1,3227427,370
19686475,153,0,3278511,27
19565746,159,1,3271097,30
19679979,179,4,3253594,55
19574189,189,0,3251130,31
19230586,505,0,3256569,103
39429722,1642,33,6599854,59
19127916,236297,97105,2423739,16145
30329960,4880,3692,2448546,451
40635675,4904,1222,2007407,254
25222004,1647,374,3222596,45
24644941,40268,18339,3292743,12226
19278724,321,2,3225775,116
57066966,187,6,9420883,281
19408463,763,31,3241005,367
19481722,723,3,3256061,205
19359146,368,0,3232647,64
19059312,3126,1508,2561371,552
19543972,14181,5392,3286623,6151
19483546,802,10,3243989,242
19509494,155,0,3266396,57
53500428,1059,4,8907665,425
19191480,561,746,3186407,485
53573689,2810,930,2459487,157
49847011,3142,966,1755166,184
39262416,2637,464,3185452,384
19476152,140,5274,2932233,405
19428261,805,46,3257994,294
19459696,625,5,3251460,156
19486978,591,3,3231721,443
19677350,1423,516,3273455,115
19513154,128,0,3274427,23
19637118,149,2,3251442,58
19575459,466,5,3257758,64
19106926,766,2,3250381,163
39724912,883,0,6620081,361
19350011,529,28,3228891,71
19270098,1839,578,3017461,431
37854422,2527,650,2627891,169
52444093,29257,20945,1810731,1755
19406793,4927,3635,2757336,249
32715918,1534,310,2888244,78
18879143,456,152,3118145,171
43771455,31782,20802,2580385,1159
21342098,1831,251,3174825,234
34014043,2467,1133,1688584,687
53862378,2734,691,2096619,165
22422721,1796,172,3217419,135
19491747,2216,20766,2248514,1573
43792749,29410,20043,2246376,665
18859367,551,23,3222847,217
19483724,514,3,3270769,82
19665909,1393,568,3247326,167
19666789,85,0,3276076,6
18812438,257,183,3211662,306
19517828,169,0,3247158,94
19185988,214,0,3275265,50
19580054,129,0,3272697,27
52744179,1744,140,8733406,715
19496100,367,0,3258380,230
19660238,162,0,3251502,73
19537647,698,1,3260376,81
19636114,227,0,3253308,128
19554076,212,1,3251806,161
19600002,174,0,3265205,105
19425430,584,0,3248805,69
19459894,191,0,3250113,82
19587979,135,1,3255739,56
19541685,243,0,3263252,28
19511186,995,6,3243197,190
46830681,32606,21727,1825795,1554
19666312,268,15,3268147,152
19378784,2195,533,3233717,357
67878163,1574,0,11313335,590
19363846,638,42,3244330,49
19226198,262,4,3209271,131
19528822,224,2,3254389,120
43883412,1072,25,7433795,289
25212236,79538,24336,3085035,25807
19268156,1653,40,3173096,418
19355396,2002,88,3239452,378
32103274,3608,1893,2305599,726
19149917,1157,223,3124900,387
53609357,3571,1096,2487142,415
19453944,1785,33,3242772,449
19459697,1404,11,3233087,1826
19479064,1237,5,3237677,343
19381366,1527,6,3230025,405
19426939,1822,7,3237816,343
19401542,2874,138,3218642,1196
50265794,3662,5,8313652,745
53727938,29705,23370,1823979,2151
19432590,34112,26291,2563783,2387
23370232,3926,958,3177781,732
33388377,2777,995,1693015,3893
54118271,4502,2143,2022146,487
24115838,2401,223,3193417,482
19393418,3665,20971,2273584,1598
42580098,31700,27274,2215382,1430
19398875,1005,61,3234566,214
34365239,30271,24322,1838205,487
53215242,5130,1395,2323464,520
24023682,22850,4628,3203849,281
19024520,2352,72,3212784,578
19387826,993,5,3234851,507
19548363,1293,4,3200290,310
19505097,1068,5,3250514,174
49020419,2876,13,8154885,798
19291698,1491,8,3196237,3282
19676365,823,14,3259990,195
19430656,1519,10,3229325,363
19352373,950,7,3230298,335
19404653,1452,4,3237650,159
19461821,1607,3,3239217,322
19487696,984,7,3232305,682
18749023,1140,2,3206965,384
18457420,149355,107303,3051780,4317
13094375,108706,37949,2141068,16224
46430794,23769,14164,2043143,3679
14418063,1531,271,3166323,358
19422507,654,5,3231484,266
19344963,1007,522,3245960,210
41970616,1347,88,6792438,595
53144431,31897,24493,1798018,1785
19624264,1124,75,3239346,416
19313192,1060,8,3249795,181
47717992,3670,16,7958764,452
38188086,4642,1926,2363678,695
19480009,455,29,3251451,283
19506437,488,3,3256177,148
45989187,1580,5,7687784,344
35849282,3380,1206,3228019,66
19382145,194,3098,2747463,521
26374758,36255,16644,3270360,229
19270837,726,87,3235609,242
19514840,156,6,3239215,142
19670122,157,0,3267168,54
19560370,1120,518,3267537,31
19609922,168,77,3250641,169
49811476,1796,4,8341610,114
28705930,85922,32743,3106938,26022
19617659,1234,65,3275826,264
52898354,1315,4,8825844,869
36438294,47816,6779,2991043,23459
19531456,167,3,3253495,94
55211177,1925,2,9219734,602
49220037,2007,11,8216501,474
41457577,3301,1227,2437219,728
17736622,1109,39,3223851,145
32904845,1606,396,2424268,299
19311978,1048,53,3230377,295
19549080,453,55,3247157,369
19124230,457,2,3209073,161
58917184,845,2,9800535,242
19566204,259,33,3209541,195
53074761,1852,4,8850250,495
19516914,1426,78,3213104,349
48727658,1200,778,8167825,897
43153375,25576,7519,1700698,585
52006386,2734,406,2910893,288
28444374,835,199,2634165,318
52354688,4199,23600,1897870,1678
28938784,1575,335,3239317,78
18956289,352,24762,2510580,1598
48359738,30804,23038,1819079,622
33795524,1880,544,2403587,288
22004203,1658,318,3223203,58
47304475,33917,24825,2140176,268
38206962,2151,542,2174980,284
19251412,292,17,3234086,39
44299151,29765,21608,2439812,1306
40166807,18122,11433,1864843,896
19198459,792,247,2954276,216
19445360,845,22,3260895,1245
19413398,959,14,3229196,226
19242683,593,2,3223802,840
19656335,466,1,3272636,83
19475349,182,0,3272304,48
19312651,206,3,3224807,70
19586145,173,0,3253426,66
18955879,696,0,3220097,159
19505327,976,9,3239783,144
19652472,611,0,3221911,136
19449844,139,0,3242622,25
19573080,244,1,3240740,88
19326777,875,0,3209603,340
19572438,1246,6,3259924,257
19456587,670,4,3242779,96
19449463,675,2,3247781,197
70616655,1171,0,11782839,676
27333406,1987,718,3225458,69
14143520,5549,1618,1704327,469
19672148,4491,380,3219105,457
19561412,377,2,3258899,175
44406525,948,1,7386347,286
19559105,571,7,3250184,134
33258340,1528,6,5536490,373
19663907,181,0,3274340,28
52788775,2338,8,8835888,603
35106762,7810,4440,2593161,285
19651975,384,1,3273646,105
19322478,544,3,3225472,180
48193255,813,0,8012715,439
19482988,755,62,3252386,391
49178381,5137,1309,8224746,472
53227025,3967,1275,2453722,468
49377381,35555,22093,1819741,1532
34115115,28573,25575,3203189,571
19318272,418,295,2864537,174
44748045,29067,23688,1679469,798
53914013,2152,364,2815581,209
25724842,1040,217,2780434,394
53654823,26570,17458,2385842,2318
19369185,991,67,3229277,75
19634959,666,10,3251081,246
19461855,159,1,3226787,47
18795943,513,0,3215307,135
19345363,675,3,3208531,251
18875142,938,0,3247425,194
19508472,532,0,3250381,78
19519965,277,0,3268934,88
19465525,757,67,3233930,151
35335399,2475,0,6030788,212
23986690,1761,386,3248375,76
52735776,4606,1493,1948131,321
35133273,28786,20680,2382090,1908
19431119,518,45,3228065,152
53678342,3667,1280,2276006,297
42972837,29861,21755,2045499,1379
19115282,618,244,3054174,241
30502654,37666,10448,3471765,14951
17902864,1045,321,3246557,2371
19691065,219,0,3249492,43
19403446,477,65,3212314,124
19700106,145,0,3256632,82
19421689,1416,75,3260407,143
52583464,2474,8,8796884,295
19101894,732,0,3229049,118
19610885,751,3,3248687,184
19322025,597,0,3262498,142
19561911,414,1,3260919,86
19389145,783,0,3227478,805
19624578,570,2,3248798,119
19319362,1205,183,3235646,1355
19219904,284,1,3238803,116
29381750,133724,78884,2783626,249
19207821,2169,283,3210775,634
19423883,4386,1180,3225903,5584
19546072,2291,81,3250227,348
48643306,1970,0,8146736,195
35097728,28740,5165,2285145,14535
19301991,362,15,3242976,179
57120341,4059,1281,9659018,478
31060802,61515,8501,3198849,1924
19705598,745,18,3258199,323
19392214,504,0,3213270,215
19626182,1770,90,3261030,514
33122476,1667,29,5543413,185
54187616,3596,1276,2464780,561
49348619,34295,21436,1834926,1652
33719633,29012,25886,3175054,616
19503159,206,385,2862122,165
44704510,29093,24366,1696526,334
53672710,2654,415,2797938,270
25312667,1128,149,2760232,517
47686108,71087,19033,3157272,15491
19414949,573,3,3249780,44
19672657,190,1,3251447,78
19576918,189,0,3256005,16
18854432,628,0,3264945,93
19516514,194,0,3264577,81
19474277,221,1,3255761,65
19568289,431,1,3269342,111
19486197,921,67,3244679,205
46664554,3906,0,7778877,385
22495868,1816,1031,2908943,480
33903712,1765,519,1697792,688
53204779,36839,21084,2189151,1019
23001665,1405,52,3231260,71
19516257,39946,20872,2280330,996
42927297,30350,19401,2180872,317
19298779,1941,573,3240102,145
41104611,1703,522,1695720,124
52702596,50865,22574,2491772,1371
19492858,241,3,3256213,10
19625227,57387,23895,1935239,1440
36645921,22104,16679,2466473,205
18976736,685,25,2952475,203
41014223,2892,662,2146556,488
48082514,29480,20796,2046081,2393
30226475,27981,21024,2425620,2018
19631147,183,15,3275370,23
50152471,17335,12088,2320664,908
35132180,29693,21682,2086377,1128
19353517,608,230,3090473,209
23117318,3142,8974,2373068,1080
48015735,29471,27031,2010242,4174
19794819,572,40,3264963,84
31010555,29529,25425,1923042,671
52439048,3293,815,2205931,219
20489029,1390,200,3244248,125
19328789,3328,18439,2154965,1345
40098222,29448,21645,2505510,417
19052666,1000,33,3090207,254
39916624,28406,20966,1857473,167
45150290,6029,1402,2569771,406
29782045,18444,13775,2485425,3042
38098116,2944,735,2590289,247
48034273,28239,20441,1826740,2569
23873305,4920,987,3225678,401
19524681,839,4,3264251,146
19647545,441,1,3273486,116
19325823,858,2,3257579,140
19439839,858,0,3269433,107
19589046,750,2,3259242,306
19635592,564,0,3256588,149
19477683,811,0,3243166,133
19357919,1662,61,3273322,303
57506013,434,0,9570125,540
19638383,118,0,3261835,19
19573065,138,0,3272175,18
19299037,353,2,3255605,86
19572880,958,19,3250539,31
19063073,1238,177,3254763,339
19553744,160,0,3254400,117
19655431,236,0,3259908,80
19453782,144,0,3247069,37
19525235,302,4,3255952,87
19611424,974,19,3264822,227
19578091,597,1,3247786,163
19441863,157,0,3247459,40
19439496,659,7,3243724,210
19582062,103,5,3268705,53
19667533,90,0,3277393,8
19532857,379,0,3257890,163
19543418,113,0,3261995,51
19657804,129,0,3262761,87
19576014,216,0,3272605,65
19543436,583,197,3245768,1914
19645542,116,0,3270984,31
19567250,609,2,3270824,156
19676400,196,0,3269119,69
15547300,474739,333585,2744642,3085
19407266,1206,245,3259651,105
19560055,1732,634,3251303,1190
19599858,1096,67,3265165,216
47960215,1052,14,8008854,219
23704557,36456,1741,3412098,13446
51032696,216,0,8525851,235
38981682,4450,1864,2536184,798
46108137,28392,20583,1826388,1997
25001793,23842,6715,3330498,22500
19665645,75,0,3276950,20
19525223,82,0,3262422,36
19524074,567,4,3264579,127
46546825,1275,348,7775881,425
19652875,1248,220,3281862,639
19617700,332,15,3267172,122
53138191,516,8,8856399,501
20644696,1455,154,3259254,116
19331017,4437,16534,2164321,1599
40059227,28099,21418,2449888,742
19051183,939,42,3125352,278
39307235,28097,20384,1847067,240
47063061,4383,832,2552284,246
37126127,3083,681,2650708,329
34125748,2806,1131,2383994,298
45852184,28536,21192,1826714,132
19105482,1229,263,2842479,186
32418625,13535,9009,2848052,296
45930313,30041,22368,1819521,133
19344682,1493,453,2538658,143
47661860,29471,24134,1941540,1101
19468481,645,298,2945856,166
43460871,28273,24980,1703320,437
54120370,2151,321,2747570,84
23981534,691,139,2882108,284
53631940,2814,23777,1824589,804
33174296,4784,1550,3254093,48
19234781,188,19732,2700123,778
50054304,27765,20347,1737370,79
52657877,3011,293,3075299,108
19571909,719,5,3257969,332
19321060,600,4,3265095,149
19589170,127,0,3273394,14
19532876,136,1,3254964,72
19574613,83,0,3264382,51
19667737,113,0,3276867,16
65899921,1288,7,11004274,298
19581263,87,0,3253662,176
19681197,727,167,3273964,230
19512300,318,0,3263753,41
19683000,1083,10,3269610,71
19660517,261,0,3274802,69
19330445,481,4,3259235,104
19593706,78,0,3261380,63
19678363,175,0,3270205,64
19594868,84,0,3275863,14
19595623,804,2,3261060,147
19458412,136,0,3233976,130
19537536,148,0,3255068,83
19427389,907,3,3252257,126
19574108,103,2,3266297,50
19576970,361,1,3255895,105
19111826,216585,155299,3073470,1995
19463445,1477,267,3252204,483
19514804,1005,59,3262237,320
48245153,350,10,8022611,228
38838796,40451,22333,10232557,139661
25397861,13355,13991,7575686,89640
31616238,46583,12023,2904862,7466
19581586,117,1,3265032,91
19646403,137,1,3274112,29
52180032,2492,263,8702993,385
40519871,3227,910,2487318,506
24318704,1684,323,3247339,49
48977405,27283,19358,2125390,266
19558399,819,16,3264863,242
19633008,505,0,3276772,75
19540016,672,1,3265787,110
65277658,1199,2,10891149,322
19570513,1076,124,3255378,1269
19622205,1048,242,3256884,433
49441649,1909,12,8270083,65
26686905,37960,1995,3362306,20316
49463535,5566,661,8255906,3087
31792214,31244,20828,2626829,5338
19569861,162,4,3273420,44
19376924,1698,578,3243272,148
42181721,4731,0,7097406,144
19507064,714,110,3237877,515
52320301,2680,88,8767110,1146
19443919,2184,628,3231801,562
54219136,1635,3,9062158,486
19375615,738,43,3243116,53
28667199,46705,25329,3129962,5726
19569518,159,0,3265908,82
19666548,477,154,3274372,290
51544683,1212,0,8586996,500
19565326,365,5,3264102,188
55074767,518,1,9175101,278
19569821,1427,145,3259665,584
53253035,1681,3,8876349,317
41157582,24199,17983,1917297,3561
20235949,17912,7174,2489642,870
19534025,581,61,3255194,240
39062292,3419,1170,2541260,157
51018159,28505,20229,1830876,2456
19550577,21903,17027,3007432,1785
19604084,1363,593,3266822,378
19670186,474,164,3265180,389
19556131,87,0,3266768,56
19557645,380,4,3266930,106
19632423,446,1,3274047,103
19569984,783,0,3269479,456
19488800,881,2,3276007,129
58674093,1356,2,9780492,336
19561912,478,16,3270916,98
19670733,173,0,3267097,68
54172057,1776,22,9147550,595
36162373,2931,691,1717980,1247
45980663,58405,19127,2890007,14403
19572833,553,10,3269680,104
19249405,534,2,3214731,154
60222163,1794,5,10046537,433
23462189,16595,2327,3232336,25143
18827954,1422,19,3263876,274
19515689,1361,505,3263015,99
56739794,1376,24,9448487,292
19579435,455,24,3261501,313
19575893,969,528,3268257,170
60387418,1388,6,10066374,295
19565567,299,11,3268575,180
56985359,263,0,9474329,341
54043052,3583,1369,2318495,526
19503364,470,3,3261937,162
19657438,69,0,3266438,36
42440577,1055,39,7086633,768
20054645,92911,21217,3287596,22026
19597772,863,40,3261789,238
51332535,789,146,8547560,144
19656771,1563,151,3265246,428
19358291,792,217,3240380,466
55240196,1109,3,9206647,220
37374134,52837,10986,2685652,29059
19662313,86,5,3267038,50
33377503,2210,1235,5451433,1192
39266563,31886,9178,2295182,616
33095146,1567,327,2868470,98
52796652,29512,21319,1833108,1692
19405960,31730,21809,2588021,1502
22179480,1761,261,3182435,183
23419662,16253,3256,3213086,1408
19679333,229,10,3257006,270
19396714,531,5,3213598,155
19453558,365,2,3251183,98
19567308,479,30,3256861,335
19686395,144,0,3279155,20
19593574,450,12,3273717,39
19674901,184,1,3265666,59
19660774,188,0,3275002,7
18974680,434,0,3265505,65
50405130,936,261,8381611,575
19678262,276,10,3269954,132
19580136,218,0,3271081,49
19488936,118,0,3269143,46
19578456,437,1,3256260,381
19685480,168,1,3278512,31
19534213,117,0,3265701,58
19716068,164,0,3271406,60
19660025,100,0,3274186,12
19208325,185,3,3261073,113
19609646,789,10,3265064,90
19603391,193,0,3260633,41
19497713,101,0,3259203,11
19459813,175,0,3260208,49
19594358,548,1,3263739,164
19533084,709,12,3256389,141
19580372,79,0,3275610,12
19545847,97,0,3261943,46
19568487,84,1,3267284,39
19637504,255,0,3273516,29
19509801,1719,252,3256147,515
19522252,86,0,3265187,53
48636392,212,8,8104310,94
19398753,186,1,3229913,106
19527314,553,1,3257949,136
19643536,424,2,3274178,28
71587066,1736,17,11993276,647
19555058,415,3,3253758,241
32195708,42457,6808,2819772,27635
36121181,1108,4,6021331,206
19531660,479,1,3251139,216
19543553,2978,461,3264907,748
39230954,389,1,6543244,186
28644896,23312,5887,2718544,24442
53783808,2764,879,1709474,83
19458487,12197,8694,2756002,740
29551046,1614,361,2983194,103
28524711,30015,7132,3376870,12050
19531946,122,0,3270842,68
19545209,696,5,3245177,2492
19681815,252,1,3278769,49
19602700,86,0,3275477,40
19682984,97,0,3268381,36
19577100,146,1,3273483,18
19421071,861,68,3269023,162
45133771,1338,0,7540493,333
24835023,141347,87006,3040375,24551
51261129,303,261,8497879,390
19625997,1307,537,3266184,51
19116864,1476,63,3269704,265
31724639,923,7,5290735,197
19581815,286,9,3269182,914
19712986,121,0,3273442,52
19573942,647,52,3272944,33
56665593,3645,1064,9477485,264
23750125,45515,3246,3236061,3190
19293178,373,12,3255620,113
51275258,1053,5,8545964,293
18881933,1050,43,3180233,494
51163768,2672,4,8553120,517
19567087,430,1,3274837,36
54744077,2188,6,9146116,498
19506617,1438,116,3250454,351
51352123,1796,156,8522246,807
23810608,33637,6886,2885055,27962
19594356,267,2,3273816,125
19670593,192,152,3262900,277
54874392,2248,7,9155762,307
19564712,970,14,3255892,673
19681400,136,0,3278294,35
19544236,397,54,3265228,519
57158272,579,12,9509165,132
43110936,35015,12405,1710542,316
53356411,2593,1318,2308053,441
44589764,2279,521,2344755,126
18898133,426,2,3095338,91
40261481,27964,20284,1872409,3456
48498943,3956,905,2566885,158
19448436,1428,625,3207160,419
19581625,889,29,3263030,283
19599029,134,0,3278583,45
19585804,85,0,3268391,70
19531811,89,1,3260940,64
57417202,498,1576,9541114,1776
19469302,334,14,3249798,117
33583406,744,1001,5601315,2030
19573188,697,2,3271036,90
51267110,1861,40,8580420,176
18071634,41862,5070,2281406,15810
19528201,377,1,3247704,235
19593043,248,8,3268318,96
19517214,801,63,3256629,129
23283171,6319,674,3216246,84
17203315,2301,630,3256485,531
19553026,1457,553,3254873,365
54946360,541,0,9123936,209
42355548,34287,11725,1688294,212
51989881,4209,1526,2482437,509
19554067,299,19,3264801,76
16970456,3557,26252,1831247,1186
33838218,31124,23285,2573243,589
43925421,29540,21991,1816392,205
19389300,1627,251,2956205,298
37530209,22401,16424,2380007,1940
19484916,306,23,3257745,53
53806292,2838,733,2296748,252
44858575,11247,20870,2042678,1146
19313014,311,8647,2934331,416
40978217,30251,28528,1686393,4241
54072140,2378,458,2664702,216
22100147,644,175,3005824,791
54072576,3124,20837,1815400,1726
34832341,2547,358,3232245,121
19393544,267,20630,2803949,1297
48899627,29946,22260,1870090,185
53217631,2845,385,2979501,146
29520183,1475,307,2604057,398
51845643,3861,11489,1944150,952
27790403,3321,1117,3232674,159
16721676,936,22671,2460370,1256
48297770,30303,21704,1887203,453
34497593,1957,537,2374262,230
20743380,2252,779,3225365,193
46783368,33789,25156,2175186,1799
33204880,21913,16751,2228845,1219
19439636,373,3,3256623,295
19547706,250,1,3266622,83
19455489,540,1,3256975,111
19651369,320,1,3236087,91
19437339,747,4,3257432,484
19491969,703,1,3261632,164
19544767,568,0,3243225,1017
19339527,480,0,3260775,53
19336094,838,1,3263119,148
19689916,730,2,3258873,189
19485008,350,5,3227648,83
19271001,1064,4,3234549,246
19481397,865,74,3234402,251
62313553,827,479,10326755,1090
19450167,444,0,3246665,72
19512118,1223,62,3256730,135
19378018,622,1,3238954,225
19663998,188,55,3273457,54
19545256,1577,29,3265209,237
19492594,591,0,3251047,139
19373088,314,0,3240757,112
19514179,479,0,3250837,116
19448984,959,3,3226395,46458
19678230,318,0,3278023,51
19575034,204,0,3270250,43
19394787,734,3,3250188,163
19247324,592,0,3259449,168
19379110,740,2,3260056,185
19424488,456,1,3246946,401
19138021,232,0,3222479,158
14835778,420022,298356,2488066,2759
14491809,255635,105744,3034902,1217
19649770,1143,88,3273925,651
17504932,1226,85,3227856,290
54713873,3390,9,9141958,647
20788807,39011,6168,2260235,15564
35698886,16905,9463,2140299,3781
18830004,870,6408,3216494,13291
19661976,93,0,3275442,9
17689220,312,0,3238582,117
19464927,1418,525,3235443,245
67605809,2159,61,11317042,745
19273081,1419,69,3233776,323
19569866,306,0,3244578,1228
19631160,1759,521,3262848,159
38561762,1521,0,6421419,673
24105159,52803,23042,2415145,20099
19496761,599,15,3249417,172
19403088,480,0,3238231,122
35346434,1143,4,5874857,348
23210810,21974,5577,3249058,2561
19674973,873,6,3220773,240
19577597,197,1,3272800,40
18950387,353,59,3232562,226
58601641,2088,0,9750989,758
17403241,57843,21716,2571935,26197
19411135,599,60,3271300,64
19660645,215,0,3267214,102
54980776,2179,4,9129991,474
19538469,492,5,3249384,355
19676051,272,5,3267172,87
34603281,26119,6604,2292762,17328
19426170,1106,24,3260303,288
19454688,1262,77,3216250,1935
58823732,1661,8,9776814,371
42088498,36655,14009,1698960,17815
53876641,2107,796,2318479,349
19506962,865,21,3247168,67
19360536,617,2,3262129,199
19588440,232,0,3258326,251
19633987,211,63,3233682,229
61835818,3565,1297,10292857,327
19568843,455,5,3260722,185
54860225,1568,6,9164522,461
19545329,1612,71,3268774,365
53101138,1868,0,8868309,375
19532545,905,4,3249206,486
17871997,1344,2,3201666,381
51047642,1952,3,8581126,200
32749811,53210,2971,3266467,23653
19428876,1192,35,3223955,2251
51204011,1291,0,8495917,474
19498185,1949,69,3260590,541
51333125,509,3,8538627,255
23253877,2102,1133,3231083,109
19563352,1006,67,3264687,292
19585230,92,0,3268982,53
48301869,250,5,8027019,452
19698711,242,8,3277726,76
19268888,828,5,3262245,401
53196199,1103,9,8860509,295
38084544,3388,1251,3226542,94
19452525,1389,16234,2928175,1707
24416991,20182,15234,3320332,295
19480279,678,60,3276040,176
19594300,110,1,3258677,93
19682076,165,1,3266259,85
19590358,85,0,3274037,18
19660518,136,0,3264774,114
19645732,475,4,3274567,29
18245814,970,2,3266542,119
19585132,76,0,3260696,59
19558629,155,1,3264611,59
19592882,164,0,3266983,80
19587339,346,1,3269594,83
19666235,308,0,3277652,33
19582455,120,1,3270412,40
19553899,134,3,3265625,68
19661380,442,5,3261115,127
19519937,202,1,3265852,42
19167668,724,2,3246098,108
19579093,74,0,3271317,74
21241618,111,8,3528403,33
19080782,759,87,3261400,158
19308516,1857,61,3239835,305
19489340,72,0,3242794,155
19443566,1078,13,3231101,201
19380024,850,1,3249132,50
19434247,893,0,3260685,160
19639388,491,0,3272425,72
8925709,2071,0,3274881,283
19579575,707,0,3271202,146
19534492,882,1,3267981,91
19555605,657,0,3275703,193
19568055,761,0,3267953,171
19625142,453,1,3275661,50
19496873,898,1,3256012,241
19506782,1001,1,3268527,197
19626550,499,0,3263476,111
19566225,759,0,3269798,1818
19496402,888,0,3275713,132
19530318,1495,3,3249618,1103
19625265,626,0,3275719,93
19559501,694,0,3271983,110
19644831,688,0,3277190,147
19562241,693,0,3274483,44
19266760,1102,0,3259858,145
19602137,753,0,3269434,274
19547098,2143,32,3260822,215
19576404,755,0,3274791,41
19313381,858,0,3259256,141
19486166,903,2,3249155,363
19573798,922,53,3271386,240
19569301,823,0,3273152,77
19554214,740,0,3256051,194
19535842,631,0,3259285,138
19476715,444,0,3268488,66
19538576,658,0,3271085,138
19470209,933,0,3256479,226
19499675,585,0,3266835,152
19454475,893,1,3255916,114
19447801,2825,733,3216547,2371
19660783,690,3,3283086,139
19518301,1437,18,3260069,98
19580687,587,0,3260265,137
19562064,797,0,3276639,91
19336858,1149,1,3276044,143
19555580,697,0,3259831,253
19574534,740,4,3259133,148
19573921,707,0,3273664,38
19464323,2298,27,3260779,232
19652703,415,0,3276116,26
14270618,1729,1,3257400,148
19563174,804,0,3254878,214
19575432,804,0,3270961,85
19539173,1037,2,3254085,270
19584395,785,0,3267923,173
19632514,439,0,3272389,38
19515312,858,13,3259440,271
19520085,708,0,3271754,111
19635370,426,0,3270977,100
19478091,798,0,3272312,110
19500131,668,58,3240635,52063
19634548,559,1,3285274,75
19535654,964,0,3264850,278
19658017,648,2,3275744,183
19539835,1540,18,3263671,171
19427936,1290,9,3257592,233
19548817,820,0,3260179,498
19588063,705,0,3255781,175
19575007,691,0,3272268,65
19534957,708,0,3258913,149
19591194,443,0,3265602,37
17401194,3152,16,3245535,242
19589940,734,0,3263100,279
15643235,785,0,3262662,127
19597577,773,0,3277933,72
19551816,735,0,3265238,173
19329382,943,0,3226080,237
19603533,447,1,3266927,47
19543356,784,0,3261517,228
19529772,724,0,3264830,130
19570232,747,0,3251528,233
19520452,87,0,3264515,53
19470928,119,0,3258215,139
19585129,98,3,3270906,549
19688857,92,0,3269387,34
19536552,157,0,3263714,215
19440568,171,0,3262665,55
19567370,1191,16,3255264,517
19673555,164,0,3276621,18
19601875,71,0,3276795,15
19677975,128,2,3261838,91
19665445,75,0,3275180,16
19195669,154,0,3263103,81
19598308,116,0,3263020,73
19640884,1432,14,3267123,91
19575597,114,0,3267541,24
19315285,236,0,3259038,51
19591162,276,0,3263600,128
19587445,72,0,3264671,54
19572522,95,0,3274515,12
19589232,112,0,3269002,52
19562170,121,0,3266257,58
19664635,207,1,3277996,33
19541746,84,0,3265205,51
19310044,126,0,3241224,65
19668261,147,1,3217466,93
19400003,521,41,3228999,27435
19293414,551,0,3247760,104
19552437,379,1,3252031,911
19663768,299,0,3261229,46
19355588,1416,17,3235574,149
19668184,420,3,3260167,180
19547485,81,0,3263405,17
19430362,146,0,3259088,60
19605238,94,0,3261910,127
19668688,135,0,3266872,48
19585031,138,0,3268161,49
19611982,1647,11,3259888,120
19518718,563,27,3260760,62
16635424,7250,876,3248313,1217
19583314,324,0,3261580,168
55099325,260,2,9191939,264
19659343,1268,240,3273262,799
13937897,1275,69,3249418,373
49345889,899,0,8206373,524
33578391,87478,17012,3684721,68905
19539736,784,33,3262848,1179
19683962,332,1,3266835,149
35133040,959,3,5869969,254
19289045,620,1844,2955735,645
28756806,33209,27612,1984986,2044
54183660,18615,7694,2349931,6014
19559479,720,144,3268066,595
19462444,206,4,3269541,119
19551765,683,7,3254638,466
19687783,288,0,3283055,34
19595998,83,0,3274569,17
19671266,153,0,3275821,39
41170620,1597,13,6855860,129
19531301,300,9,3253793,223
53227354,682,12,8857427,366
19637452,558,5,3273591,60
18904420,3044,594,3256555,283
32154003,54486,4113,3245035,23804
19583574,133,0,3271269,173
19201081,969,23,3238672,266
53254280,2007,4,8894676,209
38847459,51101,8414,2838788,27965
19450892,1058,2,3255892,234
54836508,704,2,9081300,246
19520114,483,7,3258829,278
56607907,2045,9,9482120,411
53642587,3509,1320,2414500,544
19325075,36282,12580,3237945,15338
19566877,921,3,3242034,27189
19667361,324,0,3274478,63
19378029,611,0,3199042,293
19681653,285,0,3260346,153
49519115,1779,0,8256276,375
19233807,713,5,3229364,179
35590883,1107,3,5889361,353
19456484,362,3,3253079,147
19420524,1559,408,3249255,193
35409130,3676,8,5904938,283
52813900,29382,21499,1806494,2081
19360211,21588,6092,3258761,19553
19414502,643,0,3252340,169
19297341,598,2,3224259,207
49528346,2437,2,8257502,657
19306540,1315,59,3217344,539
50247932,2702,129,8490374,328
42737052,26000,6969,1684201,385
53368622,2166,726,2313379,324
53316389,2964,1120,1678115,179
52667554,2739,226,2992404,194
29924614,1178,259,2567830,278
51675172,58445,25161,1976105,1232
27208692,1967,637,3202243,82
14327353,1054,382,2321192,287
20877688,4628,560,3206053,465
19461695,761,0,3247002,200
19442021,1397,526,3250361,109
19345194,632,0,3237672,157
19504964,985,75,3258277,77
39704068,2780,0,6519686,346
19707770,1955,662,3269017,626
19589155,1477,251,3278818,394
75788196,1830,12,12700585,781
19414343,449,1,3235491,170
19586506,391,0,3272438,100
19470184,918,1,3263224,129
19430865,734,0,3239061,196
19633243,334,1,3261079,119
19502445,371,3,3247584,144
19120234,679,0,3244313,94
19440817,714,0,3237200,367
19630764,178,0,3269839,28
19713762,429,0,3271602,69
19644477,381,2,3249434,196
19557086,316,54,3250505,68
18959694,540,1,3247668,111
19348963,797,2,3209920,258
19489978,578,5,3254767,227
19510847,410,0,3249547,125
19366101,1166,101,3222872,153
19487770,466,0,3246839,168
19378071,614,3,3239168,86
19486881,1470,33,3243009,343
19379815,621,0,3241462,221
19617752,244,0,3254093,37
19415699,234,3,3248385,97
19094473,519,0,3204560,126
19508888,397,3,3250359,128
19376232,974,36,3249331,268
19528106,836,0,3237319,6533
19397025,331,0,3254344,53
19439648,480,1,3235824,276
19631046,557,2,3250801,160
19475412,620,3,3262091,130
19542135,473,2,3270348,111
19452536,818,3,3248266,547
19630835,179,2,3261680,129
19459492,667,0,3262509,103
19610550,494,2,3229786,211
19652314,88,5,3273536,7
18947366,464,12,3237242,98
19469585,1236,239,3257308,138
19575384,228,0,3226401,106
19471487,700,3,3248041,125
19489467,587,2,3242807,267
19523935,1084,15,3255860,233
19512057,493,1,3258931,84
19579974,128,0,3267465,50
19575518,302,2,3256977,90
19628544,265,0,3271204,55
19340815,288,1,3228328,134
19516560,318,0,3258189,99
19475068,468,2,3245939,170
19514959,462,0,3260416,117
19452323,1233,1,3245700,4269
19171751,230,0,3239694,63
19461702,831,3,3254805,307
19659065,354,4,3258807,154
19462566,621,0,3243165,363
19432033,658,0,3266946,98
19482617,740,0,3236088,583
19576641,434,0,3247455,177
19400487,1056,14,3251512,42
18873582,603,0,3235804,167
19558549,225,0,3253803,31
18989235,372,1,3237380,115
19405122,666,34,3243491,413
19467830,432,8,3256931,96
19426015,1671,298,3250180,212
19466004,1013,1,3242990,222
19369655,1103,2,3231855,255
19559299,1153,2,3267724,64
19373823,767,55,3237770,264
19567492,90,1,3267090,52
19680489,74,0,3279826,12
19538387,85,0,3264519,48
19535324,78,0,3267174,33
19608777,164,0,3262379,76
19572547,181,3,3268554,910
19711069,111,1,3281906,40
19474936,99,0,3233909,400
19630200,97,0,3268643,14
19568262,597,3,3272062,69
19636804,111,0,3264231,35
19578797,718,15,3273974,11
19386904,213,0,3269023,37
19600716,73,0,3261023,76
19671401,194,0,3266942,45
19541402,106,0,3266212,13
19619969,163,0,3260500,54
19614275,73,0,3267731,8
18490456,1467,13,3268334,96
19596192,82,0,3262708,75
19571066,202,0,3265959,36
19553549,117,0,3260109,75
19561995,74,0,3264172,46
19663602,361,0,3274871,54
19576698,228,3,3265230,166
19556000,124,2,3268053,51
19640157,326,4,3260097,179
19332963,900,7,3249295,167
56669245,807,5,9455948,430
19644068,285,2,3264748,91
19555766,152,0,3269555,48
19551699,975,30,3245632,1440
19683697,299,0,3276092,55
19585123,78,0,3272574,28
19705796,130,0,3272602,35
19544790,124,0,3273056,24
19391481,137,0,3270322,31
19620302,78,0,3263890,65
19671099,1278,24,3266414,87
19596751,85,0,3275262,10
19621215,140,0,3260561,36
19667855,77,0,3276631,6
17864909,262,0,3266952,41
19594469,101,2,3262670,76
19583269,100,1,3273595,22
19615801,78,0,3271462,45
19549796,86,0,3262263,42
19670234,72,0,3277660,12
19566005,80,0,3268422,34
19503190,321,0,3259219,71
19668457,92,11,3266553,72
19584966,188,1,3270392,61
19583428,160,4,3273522,53
19578571,486,10,3272357,60
19687354,111,1,3269239,29
19600096,115,0,3275518,26
19667850,129,1,3306654,32
19584342,92,1,3258830,100
19680669,192,3,3247668,62
19594937,89,3,3274317,16
19668904,751,29,3265906,77
19639364,249,1,3270108,67
18545995,912,1,3242790,154
19593773,87,0,3263680,43
19449633,214,1,3266672,56
19489502,582,0,3254530,69
19550691,322,1,3254510,187
19579103,359,0,3265611,127
19619668,132,0,3268813,36
19583166,105,1,3268957,46
19560532,86,0,3267737,35
19575903,125,39,3249657,54
19536864,81,1,3265614,40
19461380,101,2,3258798,32
19578229,99,1,3268864,262
19706434,92,0,3271653,29
19516602,917,59,3258261,122
19698606,383,2,3279680,63
19596514,106,0,3258590,136
19636080,121,0,3270405,20
19581645,70,0,3274383,20
19679781,121,0,3267452,38
19665160,72,0,3275272,8
19188295,1204,19,3267219,81
19592826,101,2,3262338,46
19632796,190,1,3267012,37
19553751,83,0,3269221,8
18243541,567,6,3271687,100
19612838,79,0,3266360,53
19526628,448,1,3255639,115
19576267,115,0,3270504,29
19546357,93,1,3262026,38
19562243,114,0,3263791,38
19707888,890,145,3260696,356
55792817,244,0,9304948,158
19227668,636,2,3227206,204
33111461,42461,21480,3035515,16025
19351275,617,4,3228268,163
19474674,1270,71,3232053,320
51401613,1734,4,8564738,307
35171680,61866,22870,2978440,17628
19572721,243,1,3265436,143
54872600,2678,845,9142137,539
19658150,242,1,3275361,72
33741952,553,3,5629976,44
17206192,57408,6032,2291812,14659
19573512,462,18,3260183,384
19527112,76,0,3266025,23
42607241,754,4,7107344,200
19508013,1148,345,3256677,562
55135878,398,39,9178350,188
32389958,2422,690,2317175,400
19477775,380,4,3258315,213
19659786,79,0,3266392,44
44330264,941,5,7405778,240
19513620,484,10,3246565,395
19632138,359,0,3266621,126
33500849,1996,603,5597867,181
23286499,21570,5932,3255281,201
19428847,712,14,3266210,198
19563899,411,1,3250364,365
19667917,338,1,3262386,151
60468225,2014,788,10064570,514
19415985,8811,5987,3186163,1593
38592474,2375,692,2576906,188
26765034,29362,10860,3108023,628
45633184,1572,25,7607172,376
19431485,914,13,3230986,2330
19677225,387,27,3270621,154
55069773,764,81,9174984,185
19501742,371,2,3269017,82
31614352,892,1,5265255,266
29517858,24522,8434,3107473,4418
19555060,85,1,3266749,66
64001701,434,2,10669822,138
24548831,61243,23790,3186872,295
19598942,244,119,3250823,396
51325984,1730,411,8552160,208
28011982,24874,5783,3231703,13816
19486085,157,63,3252477,1910
19669605,313,3,3267029,101
19578391,523,71,3272769,53
40668351,2490,961,6808648,266
46032522,6023,3005,2289009,545
19081755,1822,473,3228053,1043
38200436,29007,21647,1865531,1276
52176145,3956,990,2478637,162
19570741,197,15,3268994,14
17586808,2679,759,1751501,165
39470079,2466,566,2506614,108
44541620,28791,20769,1827737,1523
19437136,1152,513,2963443,382
35881679,1626,353,2722741,100
46693804,28762,21128,1819299,1028
19364771,1118,326,2615130,113
28449855,1765,321,2995407,126
19661296,142,0,3267434,58
19540413,821,12,3258649,241
19355625,1345,616,3203476,1100
19682881,138,0,3277510,18
19537218,302,1,3274232,85
19688804,148,1,3270043,43
19440459,670,2,3267388,108
19337746,423,0,3264928,84
19600157,105,0,3261574,67
19672264,1393,13,3267007,92
19604067,241,0,3270910,68
19617682,576,2,3266349,139
19661270,91,0,3275772,5
18896358,291,3,3273923,60
67137576,432,2,11196486,356
21534760,9060,464,3213641,1086
19474836,311,4,3248858,2628
19522721,892,64,3271611,218
31269146,1645,353,2922999,197
53393016,31192,21961,1907648,1209
19332077,31700,20760,2522993,1019
48835101,30585,16982,1728085,7665
19587453,287,16,3267972,25
35382700,1537,461,1700824,272
53776833,39406,21196,2255986,1161
21675416,1412,29,3242993,35
19465788,42754,20881,2209463,899
41636265,28555,21110,2262398,193
19227514,365,17,3184830,94
43060768,2890,1211,1711590,65
51675360,14940,4822,2494624,439
19495764,254,13,3258538,6
17331022,50388,25617,1854617,1036
34432538,28196,20762,2521818,289
22709524,2431,995,3255591,195
47632243,29077,20981,2163405,2228
31729163,29378,21577,2306939,2050
19497297,560,21,3237896,69
52066278,10783,5426,2457691,746
45934074,35762,22271,1894821,1586
31604301,6967,5520,1608596,1928
53692737,3112,812,2092947,187
26501866,2637,542,2892829,1492
52091140,2869,408,2774539,227
25450262,1294,206,2773430,795
52973464,44867,20861,1822450,1577
25077087,24887,6506,3266241,193
19055691,1169,548,3236799,1507
19652427,478,3,3275340,24
18335697,1589,2,3259753,177
19600661,772,0,3264278,233
19565991,801,0,3272879,38
19564582,1474,18,3264495,162
19552892,607,5,3266733,137
19659006,497,0,3274124,69
55381733,1333,61,9235086,560
19581325,88,0,3267946,37
19634843,81,0,3271796,12
19571127,103,0,3269532,32
19544659,217,0,3265985,54
19662412,428,2,3261784,124
19532142,84,0,3269550,40
19590694,104,0,3249183,6517
19688688,92,0,3278105,18
19582190,268,0,3272978,69
19643479,766,124,3258174,295
19583390,63,0,3272913,23
19445376,171,2,3268862,40
19578499,130,0,3258138,83
19682828,137,0,3267596,48
19595667,86,1,3275117,23
19685212,137,0,3269386,43
19663069,80,0,3275465,6
18642616,268,1,3264267,49
19615255,675,15,3267907,62
18661241,587,151902,2913466,3781
23634741,21796,4109,3222506,855
19478565,443,3,3247687,173
66945569,3341,994,11146386,968
34239282,13861,10609,1840060,9186
42753556,25302,13751,2215980,646
19328163,7062,11,3257109,57
19418189,34741,6211,3296687,13611
19614197,94,1,3262526,206
19674354,138,0,3262595,112
19597656,139,0,3274546,24
19619320,142,0,3260151,44
19669754,96,1,3276836,8
18167276,196,0,3268462,45
39356675,1030,5,6554702,289
43835981,30765,23147,1835096,469
19482627,817,219,2981790,119
35811769,1426,205,2701083,81
46758698,28569,21170,1820241,1279
19509176,1055,255,2641562,114
28370492,1651,285,3021014,75
43257030,34051,21540,2030808,883
23264691,17881,525,3247936,1480
19590921,1469,504,2317377,77
51032566,3722,886,1955526,505
19388365,288,16,3248198,31
37888544,1696,522,1704087,165
46702785,45902,21672,2371506,992
19575026,177,17,3262777,22
19216588,7025,2765,1947988,359
43995807,2445,714,2384289,126
18663991,485,24,3056969,85
45638322,1826,527,1713886,85
45980059,64753,24656,2693369,1322
19416473,3483,2013,3179801,870
34930245,2293,516,2362784,295
19484506,506,30,3259713,44
34679862,2360,596,2765897,612
40759878,31981,14622,3293780,6018
19579159,813,15,3244501,359
19467955,979,2,3257633,208
19400386,1133,3,3242458,287
19538601,756,0,3270325,537
19679972,663,0,3268459,179
19628776,1444,12,3270674,115
19437660,1437,0,3273066,177
60010904,1389,0,10007075,220
19594749,116,0,3275386,17
19667535,145,0,3269015,44
19664711,120,0,3276120,19
19572234,2436,9,3280171,173
19541795,129,1,3254095,106
19608178,70,0,3277751,27
19557297,431,3,3260949,167
19586321,76,1,3268294,48
19623792,98,0,3269877,28
19577731,86,0,3269713,53
19568167,409,0,3264948,112
19286327,805,0,3224685,613
19520565,1202,25,3270569,365
19328619,1932,279,3217838,662
16027167,398104,333417,2590335,3750
17113451,124328,72251,2886594,16743
19455078,1298,76,3239614,194
19421976,2612,1009,3227896,799
35807427,4389,55,5986666,599
24838950,43364,10383,3191808,20650
19670047,867,8,3265282,204
51277825,3490,382,8468942,670
19278206,1128,51,3224552,422
48513034,5786,178,8245311,1093
40156317,49790,15321,2046590,23308
41739927,12768,2401,3142720,6580
19512290,902,5,3236041,127
54712987,2673,21,9138625,572
18203218,73899,15025,3041363,25896
18941520,1058,262,3118510,597
17843985,1511,109,3106496,548
52999440,4445,753,9061639,1012
19556342,782,77,3253448,126
19530641,1447,86,3246816,511
53384634,2529,262,8900808,648
30496918,34340,19518,2438267,36593
22806069,6509,514,3244429,2290
19447630,1315,2,3242210,138
19349801,1313,1,3230046,226
18783925,904,165,3065514,804
19448771,2504,208,3247818,600
44571854,2299,49,7459344,423
38637825,40581,23491,2240076,351
19567773,812,9,3255566,336
19589288,872,7,3270017,271
42737232,1749,665,7149140,242
19554211,1731,236,3269303,4041
19258605,1083,0,3262949,179
53890805,2903,94,9054174,605
18139108,3803,1429,3071554,885
19394822,1327,5,3206341,1030
19599305,636,122,3253976,341
56774513,1861,12,9485226,294
25757104,37727,15060,2262161,15985
19547527,528,11,3242335,2253
19383261,473,176,3254604,337
19157527,731,263,3120306,421
18049787,1614,774,3040956,731
58235300,3710,1073,9728283,1301
17998050,81034,27233,2213433,18027
19428678,550,5,3223439,380
19586363,263,8,3261467,130
19583653,458,0,3272505,53
39018718,665,0,6570027,66
26670449,56019,16121,3143098,3527
19163624,958,10,3211894,414
55055806,3446,7,9217990,620
19511235,160,0,3248963,121
53249144,1969,13,8816895,847
18346583,80541,6129,3167181,24482
19333115,1700,392,3214841,168
19634650,296,7,3264798,175
57891342,3796,3,9677611,731
19476454,1305,9,3238612,522
50179218,4322,415,8311165,604
28289636,62123,5758,3105690,25268
19533244,212,4,3273089,52
19390604,932,45,3224852,344
53016339,1235,0,8848413,578
35327153,54478,13818,2645053,31442
18884201,1748,112,3203529,459
55047127,1260,26,9174879,681
18159299,1562,808,3041213,611
18145100,1691,698,3083113,599
37900162,2274,922,6109817,1231
17297584,97038,32663,2262243,28567
21710812,1736,433,3638278,837
17423357,1929,571,3044604,590
42196272,2905,1038,7056154,1146
20488348,17009,958,3209359,166
19453087,10795,3340,2962398,821
19445934,341,6,3249245,376
19688934,140,0,3265664,32
19595252,288,3,3275045,20
19124205,186,171,3249205,279
44467223,1434,822,7396421,167
37534517,3520,1151,2596469,788
53136351,4041,2093,1673256,262
19348769,20888,16156,2691439,2316
19538975,1521,166,3247361,360
19604687,1157,54,3248069,400
19014697,1618,11,3193775,315
19465692,1752,15,3225971,4743
50474343,2059,7,8373132,588
53463427,14716,10608,1745269,1342
19380633,1020,27,3227112,307
19522766,1313,13,3251054,305
19509392,1524,91,3235635,233
48157663,1807,10,8045866,552
35906973,70934,30107,2652266,33103
19402580,1156,5,3230569,337
33531272,527,0,5615836,437
22741233,43154,8117,3295515,246
19608811,288,57,3230597,447
51270355,1273,45,8499354,546
40076438,4981,2497,3232301,21783
19439132,376,3,3228944,80
35568272,1544,503,1699517,188
42633598,72715,28137,2823325,15626
19485062,515,5,3272241,138
19401282,562,1,3252634,121
19589853,392,1,3255837,383
19676975,1509,547,3248099,194
53249738,346,1,8860591,211
28553881,35022,16125,3146058,666
19498951,1079,50,3259186,298
19602053,87,0,3259155,290
19665748,175,1,3276908,25
38935758,770,3,6478391,233
19667678,146,0,3275233,32
19155965,1019,197,3237386,387
19531310,1291,18,3261722,425
51535999,629,7,8574910,224
19346668,1110,1,3230418,279
70119140,2014,0,11721617,289
18995408,15462,131,3207177,2240
70489080,868,4,11721566,333
19223985,1143,38,3214111,345
28788865,1213,5,4841120,458
69761451,3863,182,11660011,285
19440201,8903,197,3273897,133
19482675,914,3,3255800,209
50519179,674,0,8401170,1883
19586088,1484,382,3250347,251
50444491,1322,2,8437311,425
48346003,1560,255,8098257,256
19488740,1412,100,3273388,1291
19673750,264,2,3268476,92
54935643,1823,69,9129646,599
19491772,353,1,3226715,458
19611061,761,22,3269008,161
52551366,41781,18910,8748825,359
22247828,33316,5964,3152393,14261
44171273,3554,1426,7233624,603
19541347,673,28,3257722,506
49357404,857,0,8217991,135
18922326,1144,498,3088320,557
45863264,3536,719,7613760,640
49490096,1558,13,8233624,522
19652060,1081,12,3274979,956
19077820,2848,442,3147281,719
68437008,6945,3730,11590469,1131
18993375,45884,1899,3164346,112790
31474817,80158,18825,5142100,67787
16487884,242562,8619,3040332,93352
19889004,244976,33174,4288174,70272
20551435,138782,14285,3704863,32041
18625404,63337,881,3216601,512
17919773,271632,1780,3350684,78127
19442033,85154,1728,3322053,41844
17924746,51706,6206,2858312,22366
14833229,255469,7319,2612900,84060
18864317,90712,13137,3392996,53470
19347388,275316,2944,3608257,82380
19251134,254000,1971,3582930,78310
19531329,729,32,3240703,4591
19397754,777,72,3258901,169
77068433,3031,36,12854959,762
17624161,322975,2824,3501356,94052
18915671,21397,66,3250463,4406
19096040,165521,1588,3357280,108828
19541967,331869,2310,3634196,72104
19362467,193399,2352,3870629,106858
18551507,329363,3360,3674222,104723
19509054,315324,3249,3893216,95635
19017136,173487,1700,3452244,51269
19084948,108971,1097,3452684,109121
18550140,326066,2367,3823308,105945
19355361,144788,1110,3566995,10058
13004893,3637,1597,3543788,63404
19635041,317256,2264,3925867,101025
19344753,166115,1019,3579217,105966
20040899,258744,3077,3887395,74119
19118455,115194,778,3365541,38390
19313063,134983,1725,3452924,27243
20998789,265087,3739,3945852,90978
19643094,262440,2559,3667899,104889
21909543,171709,8000,3740887,53657
19450266,2271,330,3190867,545
134601085,8373,380,22589550,2325
18941747,1701,365,3197481,508
19495323,1049,66,3247617,326
51774183,4250,2021,8622438,667
22378845,36921,10713,3319729,13122
71308599,4916,146,11890002,1347
19135385,11078,3130,3175789,528
47671774,3414,764,8114967,970
19408241,1924,36,3233718,647
48764044,2014,2,8092002,501
19490213,712,0,3240386,137
71848110,3254,15,12009295,639
19486590,3476,289,3242241,1473
70157736,915,4,11669991,353
19600593,510,2,3263769,32
48455395,664,3,8130839,241
19287172,460,0,3232050,173
50573744,741,3,8399867,277
19568850,1063,145,3262855,137
53193945,3071,6,8869031,526
19602968,621,5,3266163,151
47907710,1261,0,8109580,196
18677816,1616,621,3098867,583
45952149,5633,3919,7648717,2623
19483212,1723,288,3247526,555
50508709,2573,345,8015520,665
19156651,9917,4112,3241424,368
19371455,1029,166,3255683,318
46866053,3200,1321,7579669,1036
48593670,2759,25,8122628,599
19352241,971,9,3215401,146
19474337,1324,1968,3184964,997
50491982,2385,23,8393993,700
19378012,2047,221,3215493,568
19511313,1340,14,3256018,254
27155304,44955,3724,3364580,23485
19471814,1721,14,3234219,4429
50331507,408,103,8360854,578
19457483,1616,212,3239178,659
31545553,2470,16,5237509,697
19495705,1939,174,3246285,260
50677246,5075,33,8479725,731
26666004,61773,3861,3271854,24275
19402391,2290,635,3235139,1090
50925036,4295,131,8520357,895
19578728,1279,368,3143107,733
53160690,5253,529,8824120,1096
19583257,1302,45,3258883,556
50961126,3334,35,8442492,892
19363202,4881,493,3212589,752
49975079,3867,21,8258477,2060
19263394,13451,647,3235164,3151
48802775,2876,19,8080197,698
19411202,1595,10,3226276,520
48330962,7373,90,8102780,979
19656993,10558,941,3222952,799
19550713,1103,5,3205388,526
46763089,1438,5,7761749,537
20422596,10451,1063,3210752,229
48680293,2664,11,8120125,552
46862160,2333,14,7781767,537
19531496,571,5,3263113,282
48963701,1873,0,8183074,118
19467464,10383,1104,3274781,74
18777061,936,4,3246646,252
45716798,3598,793,7566090,318
17266963,10055,3397,3018147,466
70010097,396,4,11655986,406
19555012,540,4,3264542,58
48736754,3316,1208,8141458,198
19188729,12810,254,3229528,2555
46691872,2472,33,7781648,530
46480478,2138,70,7699472,978
46796429,3776,246,7779288,782
19459845,1405,14,3257599,158
48671694,1039,11,8104346,352
19485413,11053,3,3272558,310
19186615,607,0,3245783,248
46991201,1535,0,7825626,406
19376573,10604,316,3218636,344
50695767,873,3,8414638,205
19568209,572,1,3252705,137
19211455,2478,4,3254743,409
48579640,896,0,8091017,583
19421548,9623,411,3263148,553
46560059,997,0,7765971,440
19193902,17215,289,3226848,3002
46758098,858,2,7828308,98
45698494,1828,136,7679760,384
19417648,1808,37,3222740,622
48993392,2531,19,8132829,427
19637495,639,5,3272855,263
48563786,793,0,8110376,359
18142157,25438,897,3234457,8734
69945037,3784,249,11695105,391
23355032,16740,179,3272718,463
19655338,655,0,3253989,194
48522146,1487,4,8075644,487
48772231,3218,342,8119865,344
19514463,1270,3,3255656,517
46933065,2088,0,7819211,310
19607655,858,1,3266526,212
48387908,1324,17,8050611,731
18238690,73408,6260,3342053,25879
19485338,1318,16,3253429,48
55196193,1732,7,9198696,376
19687919,10007,386,3276852,146
19105951,2288,318,3191622,459
47049783,1355,42,7837683,362
69855103,1689,109,11735563,213
19847012,12024,2715,3218701,561
49060569,1338,50,8101379,425
19461395,1565,27,3267991,455
48972411,251,4,8104191,347
19498808,556,2,3237501,161
30972159,1054,1,5175114,175
19588799,1218,123,3260101,209
19649489,1189,3,3250906,224
50497836,1664,0,8446986,86
19402465,114,0,3244249,69
48891390,1492,202,8135275,587
19462374,1020,22,3248629,226
50481656,2008,5,8388576,185
19688477,131,0,3268853,65
19661255,472,2,3274305,21
50053947,2395,0,8405421,206
19069856,1041,13,3208950,266
48770188,1254,4,8149204,319
48604029,425,5,8137369,248
19510067,776,4,3229899,741
19566547,2154,258,3223536,393
48572660,1400,51,8048801,900
23815930,68347,48718,3116112,5373
48410150,1301,8,8078958,381
19494344,944,91,3260510,260
48376667,4241,6,8119944,174
24289213,5124,2011,3191817,426
50611517,1573,33,8416741,304
19527474,612,68,3257260,336
69510064,5015,1228,11614228,411
16939286,443067,185707,2856443,10317
19422885,1004,82,3244259,59
50055735,2826,6,8407100,328
22939090,5598,1871,3154130,438
